332193.59517932724	4128603.4441380324
332193.75341854873	4128603.374369759
332193.8409589302	4128603.317117121
332193.9637376439	4128603.2480589217
332194.1040244362	4128603.1675501973
332194.2354461057	4128603.0872189915
332194.3318516187	4128603.029788843
332194.445543037	4128602.949812675
332194.58582983864	4128602.869303958
332194.74384689867	4128602.788440212
332194.87460204784	4128602.674822541
332194.9896265371	4128602.6614193353
332195.1560643811	4128602.5581870945
332195.314303629	4128602.4884188524
332195.49027313595	4128602.418295582
332195.6216948298	4128602.3379643993
332195.77948973305	4128602.2460051808
332195.972967332	4128602.164431398
332196.13098441996	4128602.083567677
332196.28900150873	4128602.002703961
332196.4654153859	4128601.9547716966
332196.6059243975	4128601.885358509
332196.8166879202	4128601.7812387305
332196.9751493721	4128601.7225660137
332197.1336108261	4128601.663893298
332197.29207227984	4128601.605220588
332197.4505337381	4128601.546547878
332197.5739790246	4128601.5107762115
332197.7410834419	4128601.440830503
332197.89932273264	4128601.3710623113
332198.05756202363	4128601.3012941214
332198.2337537511	4128601.242266402
332198.3392466155	4128601.19575428
332198.4363186967	4128601.171610657
332198.5856928659	4128601.102019991
332198.7437099972	4128601.021156322
332198.90172712924	4128600.9402926564
332199.05087913666	4128600.859606506
332199.18296739954	4128600.81256186
332199.3414288821	4128600.7538891872
332199.4908030679	4128600.684298538
332199.6401772561	4128600.6147078904
332199.8070595339	4128600.5336667327
332199.912108074	4128600.4649636443
332200.08874417096	4128600.4281269517
332200.26493592694	4128600.369099277
332200.42361959664	4128600.321522118
332200.6088986591	4128600.2734124335
332200.812352323	4128600.2471387163
332200.9894327636	4128600.232493027
332201.14878294605	4128600.21820236
332201.31677608844	4128600.192638694
332201.4856579077	4128600.2114570024
332201.7165956384	4128600.22903275
332201.8861439595	4128600.2811375433
332202.0459384748	4128600.2890378777
332202.22390758747	4128600.318774185
332202.3852572746	4128600.404342973
332202.5104799346	4128600.45733532
332202.5829561445	4128600.5335837025
332202.73477419326	4128600.586043528
332202.8961238676	4128600.6716123275
332203.0397432811	4128600.7575361445
332203.1747197261	4128600.854732963
332203.26537052024	4128600.952817321
332203.4005691254	4128601.0611096355
332203.5271247636	4128601.180674951
332203.65390256385	4128601.3113357625
332203.7540849755	4128601.4425290963
332203.872219805	4128601.5844629104
332203.99057679356	4128601.7374922168
332204.0912035254	4128601.8908765377
332204.20069537975	4128602.0440833545
332204.28336967854	4128602.1867271974
332204.3387820984	4128602.296617086
332204.42145639483	4128602.4392609308
332204.5043528511	4128602.5930002704
332204.5786063436	4128602.75801261
332204.67014575936	4128602.9004789493
332204.725780332	4128603.021464332
332204.7998116526	4128603.175381178
332204.85611271684	4128603.329653039
332204.91108079185	4128603.4173519444
332204.9762469794	4128603.5714462977
332205.0957147436	4128603.7799530816
332205.124753926	4128603.9014709834
332205.2076503588	4128604.0552103277
332205.2819038241	4128604.220222671
332205.3559351254	4128604.3741395236
332205.448363166	4128604.5609878427
332205.52261662506	4128604.7260001875
332205.5966479158	4128604.879917043
332205.65317111916	4128605.045284399
332205.72564726253	4128605.1215328067
332205.7733053373	4128605.2870776695
332205.8289398827	4128605.408063059
332205.91205845	4128605.572897901
332205.9949548537	4128605.726637253
332206.0689861281	4128605.8805541117
332206.1430174021	4128606.03447097
332206.2077392244	4128606.166374349
332206.29041345266	4128606.3090182105
332206.3278734125	4128606.4081676253
332206.41941276233	4128606.550633985
332206.4845788992	4128606.70472835
332206.55883232155	4128606.869740704
332206.6231098074	4128606.9794530994
332206.68872026185	4128607.155738452
332206.7718387994	4128607.320573303
332206.8106317191	4128607.486295675
332206.8669327226	4128607.6405675476
332206.8957497081	4128607.7509899614
332206.96978095267	4128607.904906826
332206.98064553045	4128608.004588755
332207.04581164755	4128608.158683123
332207.11097776465	4128608.3127774927
332207.1307074621	4128608.4122819183
332207.22335758584	4128608.6102257473
332207.2885236967	4128608.7643201197
332207.35391196446	4128608.929509982
332207.4279431916	4128609.0834268504
332207.4931092934	4128609.2375212237
332207.5582753952	4128609.391615596
332207.6422825403	4128609.600832425
332207.7165359157	4128609.7658447893
332207.80829737184	4128609.9194066552
332207.90870177926	4128610.0616955254
332207.98228866636	4128610.1934214137
332208.0638520288	4128610.2805878296
332208.1013119507	4128610.379737253
332208.2280895478	4128610.5103981276
332208.33713690273	4128610.641414009
332208.45482721325	4128610.7611568947
332208.55456512293	4128610.870159295
332208.68089838844	4128610.978629192
332208.8245175667	4128611.0645530997
332208.95062866417	4128611.161927508
332209.04039064795	4128611.215629954
332209.21991461207	4128611.323034846
332209.36331161973	4128611.3978632735
332209.46149439906	4128611.4291972364
332209.62239948264	4128611.492575171
332209.7833045614	4128611.5559531082
332209.96149555745	4128611.5967850625
332210.07740857016	4128611.6277640327
332210.1842343039	4128611.647825011
332210.3178775484	4128611.6784489825
332210.4774496756	4128611.6752539785
332210.5756324446	4128611.706587955
332210.7436253749	4128611.681024471
332210.86773702793	4128611.6785394736
332211.009578919	4128611.6756994794
332211.18665912293	4128611.661053997
332211.3726044474	4128611.6462310194
332211.5317322603	4128611.6208450506
332211.62858209235	4128611.585606085
332211.76155886654	4128611.5829436025
332211.92932964396	4128611.546284649
332212.09710042493	4128611.5096256994
332212.2914665614	4128611.47243426
332212.4685467726	4128611.457788803
332212.68906395696	4128611.397873895
332212.856612587	4128611.3501194688
332213.02438337496	4128611.3134605377
332213.2005749727	4128611.254433128
332213.37676657503	4128611.195405724
332213.5445373679	4128611.158746804
332213.6588952963	4128611.1120573757
332213.82599963294	4128611.042111985
332214.0021912413	4128610.983084592
332214.15998615965	4128610.8911257195
332214.3623288249	4128610.8093748633
332214.5733144629	4128610.716351022
332214.7222442733	4128610.624569657
332214.88048350875	4128610.554801783
332215.05667513376	4128610.4957744135
332215.1887633191	4128610.4487300157
332215.3470025591	4128610.3789621512
332215.4345429989	4128610.32170974
332215.59322654654	4128610.274132866
332215.76941818174	4128610.2151055126
332215.98018169904	4128610.110986216
332216.09476180363	4128610.0753923147
332216.2618661793	4128610.0054469737
332216.35871604737	4128609.970208063
332216.50853448425	4128609.9228086993
332216.6056065033	4128609.898665283
332216.78910823225	4128609.761792013
332216.9211964354	4128609.714747644
332217.03599869745	4128609.6902492475
332217.1587774863	4128609.6211913894
332217.31746105547	4128609.5736145484
332217.4936527182	4128609.5145872324
332217.5987012731	4128609.4458843684
332217.7394324576	4128609.387567025
332217.85379043117	4128609.3408776564
332217.94110875065	4128609.2725297813
332218.12705413206	4128609.2577069565
332218.2052851872	4128609.178441082
332218.3985406621	4128609.0857723244
332218.5217637656	4128609.038905472
332218.68022520375	4128608.9802331654
332218.8475517667	4128608.9213833697
332219.02352130436	4128608.8512605936
332219.21699894284	4128608.769687349
332219.3402220551	4128608.72282051
332219.51641374576	4128608.6637932374
332219.67443090933	4128608.5829299637
332219.84175748413	4128608.5240801885
332220.03456870373	4128608.4092204855
332220.17529992317	4128608.350903187
